1.0
0.871747211896
0.79199858382
0.734466277217
0.69160913436
0.658678527173
0.630889158637
0.607889670738
0.587950669735
0.57056558683
0.554591319461
0.540693043016
0.528524449528
0.517335558759
0.507195963887
0.497867432289
0.489084333773
0.480694610425
0.473139095248
0.465688487585
0.458833646325
0.45234243913
0.4464849636
0.440626383355
0.434948207171
0.429691490448
0.424789729969
0.4197875166
0.415139442231
0.410854360336
0.40665295806
0.40275564409
0.398821526461
0.394775495535
0.390960666376
0.387523796874
0.384068089872
0.380598527798
0.377296675079
0.374312657723
0.37116644908
0.368372451916
0.365646631475
0.362857453386
0.360083835164
0.357318186019
0.354715445316
0.352295873185
0.349709384285
0.34722901169
0.344741722406
0.342419071364
0.340061255589
0.33783504546
0.335595594629
0.333455100956
0.331359416075
0.329267287185
0.327318125326
0.325307739993
0.323387223219
0.321633643002
0.319786026348
0.31781764745
0.315875091964
0.314133764911
0.312381892847
0.31065028642
0.30910942828
0.307419991648
0.305753201109
0.304073655771
0.302454686766
0.300811241749
0.299227566658
0.297619130873
0.296086985032
0.294646933366
0.293327435355
0.291868190274
0.290492547646
0.289026821165
0.287627586759
0.286185730106
0.284884111784
0.283582458613
0.282333315001
0.28109896815
0.279759451403
0.278570795676
0.277300185195
0.2759806301
0.274788061715
0.273574207925
0.27238153872
0.271209956135
0.270080615761
0.268937646848
0.267872180118
0.266757080176