0.999867233139
0.862320764737
0.780315100018
0.725604089219
0.686643653744
0.654938927244
0.630244291025
0.607740308019
0.588496489054
0.571056824217
0.557862212137
0.546490529297
0.534887046039
0.525405887262
0.516622411046
0.507899628253
0.500121068212
0.492792752918
0.485816519788
0.4791395565
0.473104817548
0.467274658684
0.462228585614
0.457066179726
0.45224435591
0.447563591787
0.442929516502
0.438460443939
0.433983605807
0.430208056662
0.426204857987
0.422788014608
0.419006105684
0.415557882072
0.411904445667
0.408690101976
0.405491558766
0.4023180544
0.399201719165
0.396201354762
0.393295517495
0.390594463313
0.387781199517
0.385149985509
0.382347384579
0.379724391258
0.377108440545
0.374615325009
0.37234325186
0.36991498406
0.367540267967
0.365190468405
0.362936859623
0.360619120715
0.35835909574
0.35616080917
0.353986054403
0.351977903184
0.350017561556
0.348020722635
0.34618517099
0.344374550067
0.342484354705
0.340647001196
0.338898880078
0.337141844914
0.335349954096
0.33358927469
0.331854598807
0.330093770168
0.328528706119
0.326863170638
0.325226884699
0.323597115585
0.322095845513
0.320460998364
0.318908304027
0.317378387402
0.315787968797
0.314300425193
0.312992326191
0.311576047322
0.310207741264
0.308785002373
0.307419190932
0.306127369163
0.304851295777
0.303530218452
0.30214026725
0.300803355189
0.299500207395
0.29823116751
0.296957978197
0.29575853722
0.29453955239
0.293331007134
0.292173884441
0.290972331501
0.289791949545
0.288607897886