0.999867233139
0.862254381306
0.780934678704
0.725604089219
0.686404673394
0.655182333156
0.629940823913
0.607657328731
0.588304714699
0.571109930961
0.558151885289
0.546379890246
0.535132154091
0.525804187846
0.516764029032
0.508372610196
0.500589719356
0.493515690701
0.486913739002
0.480394369938
0.474154447332
0.468361077244
0.463059931991
0.458062195662
0.453365205843
0.449116355092
0.444636269736
0.440182128628
0.435916105692
0.43197875166
0.428226877436
0.424609893758
0.421074874123
0.417643933653
0.414287611711
0.411158335916
0.40800077538
0.404901049276
0.401861520071
0.399163235489
0.396110648582
0.393567096117
0.390740300296
0.388069389431
0.385325894439
0.382620824285
0.380152395595
0.377922422954
0.375450020603
0.373036663124
0.370759621596
0.368432212049
0.366150021053
0.364090112961
0.361957781857
0.359844675118
0.357919906035
0.355946993294
0.354029701544
0.352118756642
0.350137628264
0.348186126633
0.34642308925
0.344679861849
0.34298618491
0.341161716809
0.339512084853
0.337858220211
0.336223412141
0.334632322235
0.332885433783
0.331305179083
0.329837385648
0.328163268238
0.326613517583
0.325081821615
0.323724508285
0.322236758724
0.320830403967
0.319427650811
0.318072656765
0.316692326392
0.315294400192
0.313872804936
0.312572210279
0.311299964146
0.309958324931
0.308745348219
0.307425228034
0.306097524957
0.304841357473
0.303557601183
0.302348613469
0.301122931442
0.299981110559
0.298731113474
0.297584816497
0.296444714552
0.295356167714
0.294177635953