1
0.610107584
0.448121567
0.360409466
0.307026883
0.269247856
0.24156468
0.221392786
0.205296242
0.192260311
0.181318614
0.171976302
0.164152232
0.157140932
0.15142356
0.146128902
0.141251304
0.136947755
0.133566459
0.129952478
0.126858853
0.123996233
0.121494717
0.119206317
0.116877568
0.114905032
0.112936522
0.111054398
0.109510866
0.107994487
0.10663429
0.105237
0.104007658
0.102724973
0.101696664
0.100637903
0.099503801
0.098422302
0.097461001
0.096550154
0.095629211
0.094906337
0.094170962
0.093386213
0.09270362
0.092011346
0.091286282
0.090725806
0.090052438
0.089470529
0.088953201
0.088404215
0.087882455
0.087358578
0.086806218
0.086291086
0.08588137
0.085444709
0.084959191
0.084538997
0.084112839
0.083703509
0.083300423
0.082992587
0.082643199
0.082312455
0.08190375
0.081511989
0.081276929
0.080957284
0.080704682
0.080432126
0.080219794
0.079891539
0.079600514
0.079357576
0.079044913
0.078818167
0.078548639
0.078236173
0.077949656
0.077713511
0.077451117
0.077238354
0.076983873
0.076752621
0.076537239
0.07628835
0.076094018
0.07588894
0.07570655
0.075524852
0.075346222
0.075159477
0.075024247
0.074880202
0.074701371
0.074542722
0.074408693
0.074164087