1.0
0.87121614445
0.79199858382
0.734930961232
0.691688794477
0.659121083378
0.630377057886
0.608122012746
0.588304714699
0.570114179501
0.554699946893
0.540936448929
0.528442746844
0.517382975495
0.507187112763
0.498049986723
0.488678169449
0.480274126204
0.472775685063
0.465369804807
0.458688215693
0.45211911976
0.445844134101
0.439846170872
0.434262948207
0.429165389723
0.423963405637
0.419147220641
0.414704400788
0.410030987162
0.4057790344
0.401531374502
0.397589925017
0.393619182299
0.389966415574
0.386313661251
0.38274348196
0.379497521863
0.376257956415
0.373080754416
0.369958113182
0.366962032522
0.364148548095
0.36127548063
0.358628527571
0.355828096844
0.353093133154
0.350519172866
0.347857793489
0.345241764081
0.342806463712
0.340628320935
0.338374471157
0.336108159169
0.333789005893
0.331685516927
0.329525327666
0.327407563487
0.325363839406
0.323259829968
0.321264002369
0.319238284598
0.317365433598
0.315578091791
0.313753780757
0.312014122895
0.31020069045
0.30838588923
0.306666050527
0.30503397745
0.303385821172
0.301726237931
0.300086640286
0.298374643578
0.296823456462
0.295244905381
0.293710806865
0.292212637217
0.290718757253
0.289245615201
0.287744871278
0.286428976582
0.285097866549
0.283613352318
0.282251319132
0.28092429806
0.27955294017
0.278303368614
0.277026623419
0.275702935791
0.274357221726
0.273121662853
0.271942686629
0.270785967175
0.269648866284
0.268439286189
0.267266876269
0.2661404099
0.265041050043
0.263970216726